{
 "cells": [
  {
   "cell_type": "code",
   "execution_count": 2,
   "id": "30261cfb-1e32-4649-b285-dcec36022cea",
   "metadata": {},
   "outputs": [
    {
     "name": "stdout",
     "output_type": "stream",
     "text": [
      "   Year  % Renewable Energy  % Energy from CHP  Scope 1 Emissions  \\\n",
      "0  2013           24.363503          10.411690         383.555868   \n",
      "1  2014           38.767858          29.398197         241.848158   \n",
      "2  2015           33.299849          26.648853         287.643395   \n",
      "3  2016           29.966462          14.246782         309.908553   \n",
      "4  2017           18.900466          13.636499         336.820995   \n",
      "\n",
      "   Scope 2 Emissions  Scope 3 Emissions  Carbon Intensity (Revenue)  \\\n",
      "0         543.017941        1061.019117                    0.490875   \n",
      "1         368.209649        1247.588455                    0.432540   \n",
      "2         326.020637        1017.194261                    0.481850   \n",
      "3         679.554215        1454.660201                    0.468448   \n",
      "4         686.252813        1129.389991                    0.379370   \n",
      "\n",
      "   Carbon Intensity (Employee)  Energy Consumption (Revenue)  \\\n",
      "0                     8.886773                      4.088979   \n",
      "1                     7.713490                      1.794863   \n",
      "2                    13.287375                      1.022088   \n",
      "3                     8.567533                      4.261846   \n",
      "4                     7.809345                      3.827429   \n",
      "\n",
      "   Energy Efficiency (% R&D)  % Waste Recycled  Hazardous Waste (Unit)  \\\n",
      "0                   4.589310         53.587827                1.282863   \n",
      "1                   3.869894         71.397344                6.727694   \n",
      "2                   2.992694         72.823551                3.829204   \n",
      "3                   2.190675         66.838316                5.577136   \n",
      "4                   2.932947         73.129015                9.168098   \n",
      "\n",
      "   Water Consumption (Unit)  ESG Score  \n",
      "0                 21.590058  74.223205  \n",
      "1                 16.448851  76.882739  \n",
      "2                 47.187906  59.540104  \n",
      "3                 42.324815  53.301558  \n",
      "4                 35.336150  56.838055  \n"
     ]
    }
   ],
   "source": [
    "#Generate synthetic data\n",
    "import numpy as np\n",
    "import pandas as pd\n",
    "\n",
    "# Set seed for reproducibility\n",
    "np.random.seed(42)\n",
    "\n",
    "# Generate synthetic data for the past 10 years\n",
    "years = np.arange(2013, 2023)\n",
    "data = {\n",
    "    'Year': years,\n",
    "    '% Renewable Energy': np.random.uniform(15, 40, len(years)),  # Percentage\n",
    "    '% Energy from CHP': np.random.uniform(10, 30, len(years)),  # Combined heat and power\n",
    "    'Scope 1 Emissions': np.random.uniform(200, 500, len(years)),  # Direct emissions\n",
    "    'Scope 2 Emissions': np.random.uniform(300, 700, len(years)),  # Indirect emissions\n",
    "    'Scope 3 Emissions': np.random.uniform(1000, 1500, len(years)),  # Supply chain emissions\n",
    "    'Carbon Intensity (Revenue)': np.random.uniform(0.2, 0.5, len(years)),  # Per unit revenue\n",
    "    'Carbon Intensity (Employee)': np.random.uniform(5, 15, len(years)),  # Per employee\n",
    "    'Energy Consumption (Revenue)': np.random.uniform(1, 5, len(years)),  # Energy per unit revenue\n",
    "    'Energy Efficiency (% R&D)': np.random.uniform(2, 5, len(years)),  # % R&D investment\n",
    "    '% Waste Recycled': np.random.uniform(50, 80, len(years)),  # Waste recycled\n",
    "    'Hazardous Waste (Unit)': np.random.uniform(1, 10, len(years)),  # Hazardous waste per unit\n",
    "    'Water Consumption (Unit)': np.random.uniform(10, 50, len(years)),  # Water consumption per unit\n",
    "    'ESG Score': np.random.uniform(50, 80, len(years))  # Scale 0-100\n",
    "}\n",
    "\n",
    "df = pd.DataFrame(data)\n",
    "print(df.head())\n",
    "\n",
    "# Save as a CSV if needed\n",
    "df.to_csv(\"synthetic_esg_data.csv\", index=False)\n"
   ]
  },
  {
   "cell_type": "code",
   "execution_count": 20,
   "id": "ea0a1e01-fd72-41d3-8785-383eb7b30488",
   "metadata": {},
   "outputs": [
    {
     "data": {
      "application/vnd.plotly.v1+json": {
       "config": {
        "plotlyServerURL": "https://plot.ly"
       },
       "data": [
        {
         "coloraxis": "coloraxis",
         "hovertemplate": "x: %{x}<br>y: %{y}<br>Correlation Coefficient: %{z}<extra></extra>",
         "name": "0",
         "texttemplate": "%{z}",
         "type": "heatmap",
         "x": [
          "% Renewable Energy",
          "% Energy from CHP",
          "Scope 1 Emissions",
          "Scope 2 Emissions",
          "Scope 3 Emissions",
          "Carbon Intensity (Revenue)",
          "Carbon Intensity (Employee)",
          "Energy Consumption (Revenue)",
          "Energy Efficiency (% R&D)",
          "% Waste Recycled",
          "Hazardous Waste (Unit)",
          "Water Consumption (Unit)",
          "ESG Score"
         ],
         "xaxis": "x",
         "y": [
          "% Renewable Energy",
          "% Energy from CHP",
          "Scope 1 Emissions",
          "Scope 2 Emissions",
          "Scope 3 Emissions",
          "Carbon Intensity (Revenue)",
          "Carbon Intensity (Employee)",
          "Energy Consumption (Revenue)",
          "Energy Efficiency (% R&D)",
          "% Waste Recycled",
          "Hazardous Waste (Unit)",
          "Water Consumption (Unit)",
          "ESG Score"
         ],
         "yaxis": "y",
         "z": [
          [
           1,
           0.7042846127289286,
           -0.37296387511013995,
           -0.5552271200672346,
           0.06972885552442751,
           0.0002086697128415651,
           0.41607115620384727,
           -0.8042087046208148,
           0.03963667174295067,
           -0.04661718758855176,
           0.07258964878523178,
           -0.45967085394951585,
           0.1295802313922661
          ],
          [
           0.7042846127289286,
           1,
           -0.4506198472650809,
           -0.7368078975300129,
           -0.09280654315221236,
           -0.008417606928634948,
           0.14590946221674433,
           -0.7547196418757562,
           0.0439326230540652,
           0.4273506723531024,
           0.27071574091780926,
           -0.18246135379171594,
           0.1952531399139688
          ],
          [
           -0.37296387511013995,
           -0.4506198472650809,
           1,
           0.464012225877593,
           0.29430154140371423,
           0.19789294417576556,
           -0.2106634179831937,
           0.40415978510122846,
           0.09510020606112338,
           -0.2031371523210919,
           -0.07229203761748478,
           0.16113232846402284,
           -0.24319741563990646
          ],
          [
           -0.5552271200672346,
           -0.7368078975300129,
           0.464012225877593,
           1,
           0.41920667498475217,
           0.20994639109289295,
           -0.40467607754918233,
           0.7473490681042335,
           -0.3562053306283643,
           -0.12521895844391728,
           -8.278040952065966e-05,
           0.36944397170988896,
           -0.6258557103223079
          ],
          [
           0.06972885552442751,
           -0.09280654315221236,
           0.29430154140371423,
           0.41920667498475217,
           1,
           0.0002691131972316037,
           -0.31641203382496025,
           0.3156492684442673,
           -0.32281249775097975,
           0.04182352848719592,
           0.26465846816540933,
           0.11504830351105953,
           -0.272359634950113
          ],
          [
           0.0002086697128415651,
           -0.008417606928634948,
           0.19789294417576556,
           0.20994639109289295,
           0.0002691131972316037,
           1,
           0.15016488360998645,
           0.22290034173748194,
           -0.5061485845104471,
           0.40054908731633604,
           -0.10612434892950577,
           -0.010636916659828955,
           -0.048854058932504794
          ],
          [
           0.41607115620384727,
           0.14590946221674433,
           -0.2106634179831937,
           -0.40467607754918233,
           -0.31641203382496025,
           0.15016488360998645,
           1,
           -0.6115002746249906,
           -0.3178871397520611,
           -0.03129554263264222,
           -0.18708368201973866,
           -0.1549247768911112,
           0.1475212444757868
          ],
          [
           -0.8042087046208148,
           -0.7547196418757562,
           0.40415978510122846,
           0.7473490681042335,
           0.3156492684442673,
           0.22290034173748194,
           -0.6115002746249906,
           1,
           -0.12488050108529086,
           0.01140317010180374,
           -0.02234057479121427,
           0.2625708138294005,
           -0.14437371692678186
          ],
          [
           0.03963667174295067,
           0.0439326230540652,
           0.09510020606112338,
           -0.3562053306283643,
           -0.32281249775097975,
           -0.5061485845104471,
           -0.3178871397520611,
           -0.12488050108529086,
           1,
           -0.5929714548359528,
           -0.30980548919066087,
           -0.3643032976399696,
           0.44590703465986625
          ],
          [
           -0.04661718758855176,
           0.4273506723531024,
           -0.2031371523210919,
           -0.12521895844391728,
           0.04182352848719592,
           0.40054908731633604,
           -0.03129554263264222,
           0.01140317010180374,
           -0.5929714548359528,
           1,
           0.6947085651150612,
           0.07411896363685642,
           0.03965968644413982
          ],
          [
           0.07258964878523178,
           0.27071574091780926,
           -0.07229203761748478,
           -8.278040952065966e-05,
           0.26465846816540933,
           -0.10612434892950577,
           -0.18708368201973866,
           -0.02234057479121427,
           -0.30980548919066087,
           0.6947085651150612,
           1,
           -0.25022348749487,
           0.045453325020779346
          ],
          [
           -0.45967085394951585,
           -0.18246135379171594,
           0.16113232846402284,
           0.36944397170988896,
           0.11504830351105953,
           -0.010636916659828955,
           -0.1549247768911112,
           0.2625708138294005,
           -0.3643032976399696,
           0.07411896363685642,
           -0.25022348749487,
           1,
           -0.7434188069065626
          ],
          [
           0.1295802313922661,
           0.1952531399139688,
           -0.24319741563990646,
           -0.6258557103223079,
           -0.272359634950113,
           -0.048854058932504794,
           0.1475212444757868,
           -0.14437371692678186,
           0.44590703465986625,
           0.03965968644413982,
           0.045453325020779346,
           -0.7434188069065626,
           1
          ]
         ]
        }
       ],
       "layout": {
        "coloraxis": {
         "colorbar": {
          "title": {
           "text": "Correlation Coefficient"
          }
         },
         "colorscale": [
          [
           0,
           "rgb(103,0,31)"
          ],
          [
           0.1,
           "rgb(178,24,43)"
          ],
          [
           0.2,
           "rgb(214,96,77)"
          ],
          [
           0.3,
           "rgb(244,165,130)"
          ],
          [
           0.4,
           "rgb(253,219,199)"
          ],
          [
           0.5,
           "rgb(247,247,247)"
          ],
          [
           0.6,
           "rgb(209,229,240)"
          ],
          [
           0.7,
           "rgb(146,197,222)"
          ],
          [
           0.8,
           "rgb(67,147,195)"
          ],
          [
           0.9,
           "rgb(33,102,172)"
          ],
          [
           1,
           "rgb(5,48,97)"
          ]
         ]
        },
        "height": 1000,
        "template": {
         "data": {
          "bar": [
           {
            "error_x": {
             "color": "#2a3f5f"
            },
            "error_y": {
             "color": "#2a3f5f"
            },
            "marker": {
             "line": {
              "color": "#E5ECF6",
              "width": 0.5
             },
             "pattern": {
              "fillmode": "overlay",
              "size": 10,
              "solidity": 0.2
             }
            },
            "type": "bar"
           }
          ],
          "barpolar": [
           {
            "marker": {
             "line": {
              "color": "#E5ECF6",
              "width": 0.5
             },
             "pattern": {
              "fillmode": "overlay",
              "size": 10,
              "solidity": 0.2
             }
            },
            "type": "barpolar"
           }
          ],
          "carpet": [
           {
            "aaxis": {
             "endlinecolor": "#2a3f5f",
             "gridcolor": "white",
             "linecolor": "white",
             "minorgridcolor": "white",
             "startlinecolor": "#2a3f5f"
            },
            "baxis": {
             "endlinecolor": "#2a3f5f",
             "gridcolor": "white",
             "linecolor": "white",
             "minorgridcolor": "white",
             "startlinecolor": "#2a3f5f"
            },
            "type": "carpet"
           }
          ],
          "choropleth": [
           {
            "colorbar": {
             "outlinewidth": 0,
             "ticks": ""
            },
            "type": "choropleth"
           }
          ],
          "contour": [
           {
            "colorbar": {
             "outlinewidth": 0,
             "ticks": ""
            },
            "colorscale": [
             [
              0,
              "#0d0887"
             ],
             [
              0.1111111111111111,
              "#46039f"
             ],
             [
              0.2222222222222222,
              "#7201a8"
             ],
             [
              0.3333333333333333,
              "#9c179e"
             ],
             [
              0.4444444444444444,
              "#bd3786"
             ],
             [
              0.5555555555555556,
              "#d8576b"
             ],
             [
              0.6666666666666666,
              "#ed7953"
             ],
             [
              0.7777777777777778,
              "#fb9f3a"
             ],
             [
              0.8888888888888888,
              "#fdca26"
             ],
             [
              1,
              "#f0f921"
             ]
            ],
            "type": "contour"
           }
          ],
          "contourcarpet": [
           {
            "colorbar": {
             "outlinewidth": 0,
             "ticks": ""
            },
            "type": "contourcarpet"
           }
          ],
          "heatmap": [
           {
            "colorbar": {
             "outlinewidth": 0,
             "ticks": ""
            },
            "colorscale": [
             [
              0,
              "#0d0887"
             ],
             [
              0.1111111111111111,
              "#46039f"
             ],
             [
              0.2222222222222222,
              "#7201a8"
             ],
             [
              0.3333333333333333,
              "#9c179e"
             ],
             [
              0.4444444444444444,
              "#bd3786"
             ],
             [
              0.5555555555555556,
              "#d8576b"
             ],
             [
              0.6666666666666666,
              "#ed7953"
             ],
             [
              0.7777777777777778,
              "#fb9f3a"
             ],
             [
              0.8888888888888888,
              "#fdca26"
             ],
             [
              1,
              "#f0f921"
             ]
            ],
            "type": "heatmap"
           }
          ],
          "heatmapgl": [
           {
            "colorbar": {
             "outlinewidth": 0,
             "ticks": ""
            },
            "colorscale": [
             [
              0,
              "#0d0887"
             ],
             [
              0.1111111111111111,
              "#46039f"
             ],
             [
              0.2222222222222222,
              "#7201a8"
             ],
             [
              0.3333333333333333,
              "#9c179e"
             ],
             [
              0.4444444444444444,
              "#bd3786"
             ],
             [
              0.5555555555555556,
              "#d8576b"
             ],
             [
              0.6666666666666666,
              "#ed7953"
             ],
             [
              0.7777777777777778,
              "#fb9f3a"
             ],
             [
              0.8888888888888888,
              "#fdca26"
             ],
             [
              1,
              "#f0f921"
             ]
            ],
            "type": "heatmapgl"
           }
          ],
          "histogram": [
           {
            "marker": {
             "pattern": {
              "fillmode": "overlay",
              "size": 10,
              "solidity": 0.2
             }
            },
            "type": "histogram"
           }
          ],
          "histogram2d": [
           {
            "colorbar": {
             "outlinewidth": 0,
             "ticks": ""
            },
            "colorscale": [
             [
              0,
              "#0d0887"
             ],
             [
              0.1111111111111111,
              "#46039f"
             ],
             [
              0.2222222222222222,
              "#7201a8"
             ],
             [
              0.3333333333333333,
              "#9c179e"
             ],
             [
              0.4444444444444444,
              "#bd3786"
             ],
             [
              0.5555555555555556,
              "#d8576b"
             ],
             [
              0.6666666666666666,
              "#ed7953"
             ],
             [
              0.7777777777777778,
              "#fb9f3a"
             ],
             [
              0.8888888888888888,
              "#fdca26"
             ],
             [
              1,
              "#f0f921"
             ]
            ],
            "type": "histogram2d"
           }
          ],
          "histogram2dcontour": [
           {
            "colorbar": {
             "outlinewidth": 0,
             "ticks": ""
            },
            "colorscale": [
             [
              0,
              "#0d0887"
             ],
             [
              0.1111111111111111,
              "#46039f"
             ],
             [
              0.2222222222222222,
              "#7201a8"
             ],
             [
              0.3333333333333333,
              "#9c179e"
             ],
             [
              0.4444444444444444,
              "#bd3786"
             ],
             [
              0.5555555555555556,
              "#d8576b"
             ],
             [
              0.6666666666666666,
              "#ed7953"
             ],
             [
              0.7777777777777778,
              "#fb9f3a"
             ],
             [
              0.8888888888888888,
              "#fdca26"
             ],
             [
              1,
              "#f0f921"
             ]
            ],
            "type": "histogram2dcontour"
           }
          ],
          "mesh3d": [
           {
            "colorbar": {
             "outlinewidth": 0,
             "ticks": ""
            },
            "type": "mesh3d"
           }
          ],
          "parcoords": [
           {
            "line": {
             "colorbar": {
              "outlinewidth": 0,
              "ticks": ""
             }
            },
            "type": "parcoords"
           }
          ],
          "pie": [
           {
            "automargin": true,
            "type": "pie"
           }
          ],
          "scatter": [
           {
            "fillpattern": {
             "fillmode": "overlay",
             "size": 10,
             "solidity": 0.2
            },
            "type": "scatter"
           }
          ],
          "scatter3d": [
           {
            "line": {
             "colorbar": {
              "outlinewidth": 0,
              "ticks": ""
             }
            },
            "marker": {
             "colorbar": {
              "outlinewidth": 0,
              "ticks": ""
             }
            },
            "type": "scatter3d"
           }
          ],
          "scattercarpet": [
           {
            "marker": {
             "colorbar": {
              "outlinewidth": 0,
              "ticks": ""
             }
            },
            "type": "scattercarpet"
           }
          ],
          "scattergeo": [
           {
            "marker": {
             "colorbar": {
              "outlinewidth": 0,
              "ticks": ""
             }
            },
            "type": "scattergeo"
           }
          ],
          "scattergl": [
           {
            "marker": {
             "colorbar": {
              "outlinewidth": 0,
              "ticks": ""
             }
            },
            "type": "scattergl"
           }
          ],
          "scattermapbox": [
           {
            "marker": {
             "colorbar": {
              "outlinewidth": 0,
              "ticks": ""
             }
            },
            "type": "scattermapbox"
           }
          ],
          "scatterpolar": [
           {
            "marker": {
             "colorbar": {
              "outlinewidth": 0,
              "ticks": ""
             }
            },
            "type": "scatterpolar"
           }
          ],
          "scatterpolargl": [
           {
            "marker": {
             "colorbar": {
              "outlinewidth": 0,
              "ticks": ""
             }
            },
            "type": "scatterpolargl"
           }
          ],
          "scatterternary": [
           {
            "marker": {
             "colorbar": {
              "outlinewidth": 0,
              "ticks": ""
             }
            },
            "type": "scatterternary"
           }
          ],
          "surface": [
           {
            "colorbar": {
             "outlinewidth": 0,
             "ticks": ""
            },
            "colorscale": [
             [
              0,
              "#0d0887"
             ],
             [
              0.1111111111111111,
              "#46039f"
             ],
             [
              0.2222222222222222,
              "#7201a8"
             ],
             [
              0.3333333333333333,
              "#9c179e"
             ],
             [
              0.4444444444444444,
              "#bd3786"
             ],
             [
              0.5555555555555556,
              "#d8576b"
             ],
             [
              0.6666666666666666,
              "#ed7953"
             ],
             [
              0.7777777777777778,
              "#fb9f3a"
             ],
             [
              0.8888888888888888,
              "#fdca26"
             ],
             [
              1,
              "#f0f921"
             ]
            ],
            "type": "surface"
           }
          ],
          "table": [
           {
            "cells": {
             "fill": {
              "color": "#EBF0F8"
             },
             "line": {
              "color": "white"
             }
            },
            "header": {
             "fill": {
              "color": "#C8D4E3"
             },
             "line": {
              "color": "white"
             }
            },
            "type": "table"
           }
          ]
         },
         "layout": {
          "annotationdefaults": {
           "arrowcolor": "#2a3f5f",
           "arrowhead": 0,
           "arrowwidth": 1
          },
          "autotypenumbers": "strict",
          "coloraxis": {
           "colorbar": {
            "outlinewidth": 0,
            "ticks": ""
           }
          },
          "colorscale": {
           "diverging": [
            [
             0,
             "#8e0152"
            ],
            [
             0.1,
             "#c51b7d"
            ],
            [
             0.2,
             "#de77ae"
            ],
            [
             0.3,
             "#f1b6da"
            ],
            [
             0.4,
             "#fde0ef"
            ],
            [
             0.5,
             "#f7f7f7"
            ],
            [
             0.6,
             "#e6f5d0"
            ],
            [
             0.7,
             "#b8e186"
            ],
            [
             0.8,
             "#7fbc41"
            ],
            [
             0.9,
             "#4d9221"
            ],
            [
             1,
             "#276419"
            ]
           ],
           "sequential": [
            [
             0,
             "#0d0887"
            ],
            [
             0.1111111111111111,
             "#46039f"
            ],
            [
             0.2222222222222222,
             "#7201a8"
            ],
            [
             0.3333333333333333,
             "#9c179e"
            ],
            [
             0.4444444444444444,
             "#bd3786"
            ],
            [
             0.5555555555555556,
             "#d8576b"
            ],
            [
             0.6666666666666666,
             "#ed7953"
            ],
            [
             0.7777777777777778,
             "#fb9f3a"
            ],
            [
             0.8888888888888888,
             "#fdca26"
            ],
            [
             1,
             "#f0f921"
            ]
           ],
           "sequentialminus": [
            [
             0,
             "#0d0887"
            ],
            [
             0.1111111111111111,
             "#46039f"
            ],
            [
             0.2222222222222222,
             "#7201a8"
            ],
            [
             0.3333333333333333,
             "#9c179e"
            ],
            [
             0.4444444444444444,
             "#bd3786"
            ],
            [
             0.5555555555555556,
             "#d8576b"
            ],
            [
             0.6666666666666666,
             "#ed7953"
            ],
            [
             0.7777777777777778,
             "#fb9f3a"
            ],
            [
             0.8888888888888888,
             "#fdca26"
            ],
            [
             1,
             "#f0f921"
            ]
           ]
          },
          "colorway": [
           "#636efa",
           "#EF553B",
           "#00cc96",
           "#ab63fa",
           "#FFA15A",
           "#19d3f3",
           "#FF6692",
           "#B6E880",
           "#FF97FF",
           "#FECB52"
          ],
          "font": {
           "color": "#2a3f5f"
          },
          "geo": {
           "bgcolor": "white",
           "lakecolor": "white",
           "landcolor": "#E5ECF6",
           "showlakes": true,
           "showland": true,
           "subunitcolor": "white"
          },
          "hoverlabel": {
           "align": "left"
          },
          "hovermode": "closest",
          "mapbox": {
           "style": "light"
          },
          "paper_bgcolor": "white",
          "plot_bgcolor": "#E5ECF6",
          "polar": {
           "angularaxis": {
            "gridcolor": "white",
            "linecolor": "white",
            "ticks": ""
           },
           "bgcolor": "#E5ECF6",
           "radialaxis": {
            "gridcolor": "white",
            "linecolor": "white",
            "ticks": ""
           }
          },
          "scene": {
           "xaxis": {
            "backgroundcolor": "#E5ECF6",
            "gridcolor": "white",
            "gridwidth": 2,
            "linecolor": "white",
            "showbackground": true,
            "ticks": "",
            "zerolinecolor": "white"
           },
           "yaxis": {
            "backgroundcolor": "#E5ECF6",
            "gridcolor": "white",
            "gridwidth": 2,
            "linecolor": "white",
            "showbackground": true,
            "ticks": "",
            "zerolinecolor": "white"
           },
           "zaxis": {
            "backgroundcolor": "#E5ECF6",
            "gridcolor": "white",
            "gridwidth": 2,
            "linecolor": "white",
            "showbackground": true,
            "ticks": "",
            "zerolinecolor": "white"
           }
          },
          "shapedefaults": {
           "line": {
            "color": "#2a3f5f"
           }
          },
          "ternary": {
           "aaxis": {
            "gridcolor": "white",
            "linecolor": "white",
            "ticks": ""
           },
           "baxis": {
            "gridcolor": "white",
            "linecolor": "white",
            "ticks": ""
           },
           "bgcolor": "#E5ECF6",
           "caxis": {
            "gridcolor": "white",
            "linecolor": "white",
            "ticks": ""
           }
          },
          "title": {
           "x": 0.05
          },
          "xaxis": {
           "automargin": true,
           "gridcolor": "white",
           "linecolor": "white",
           "ticks": "",
           "title": {
            "standoff": 15
           },
           "zerolinecolor": "white",
           "zerolinewidth": 2
          },
          "yaxis": {
           "automargin": true,
           "gridcolor": "white",
           "linecolor": "white",
           "ticks": "",
           "title": {
            "standoff": 15
           },
           "zerolinecolor": "white",
           "zerolinewidth": 2
          }
         }
        },
        "title": {
         "font": {
          "family": "Arial",
          "size": 20
         },
         "text": "Interactive Correlation Matrix of ESG Metrics"
        },
        "width": 1000,
        "xaxis": {
         "anchor": "y",
         "autorange": true,
         "constrain": "domain",
         "domain": [
          0,
          1
         ],
         "range": [
          -0.5,
          12.5
         ],
         "scaleanchor": "y",
         "tickangle": 45,
         "title": {
          "text": "ESG Metrics"
         },
         "type": "category"
        },
        "yaxis": {
         "anchor": "x",
         "autorange": true,
         "constrain": "domain",
         "domain": [
          0.15304878048780496,
          0.8469512195121951
         ],
         "range": [
          12.5,
          -0.5
         ],
         "title": {
          "text": "ESG Metrics"
         },
         "type": "category"
        }
       }
      },
